Scene: DefaultScene
Camera:
  position: [0.231928781, 0.595285892, 1.23096919]
  forward_direction: [-0.282331616, -0.202806741, -0.941700101]
  fov: 55
  near_plane: 0.100000001
  far_plane: 100