Scene: DefaultScene
Camera:
  position: [2.48765564, 1.7325449, 3.11929178]
  forward_direction: [-0.636903107, -0.294701636, -0.712683439]
  fov: 62
  near_plane: 0.100000001
  far_plane: 100